x	y
2	0.000279
2.03	0.000306
2.06	0.000354
2.09	0.000306
2.12	0.000288
2.15	0.000324
2.18	0.000279
2.21	0.000315
2.24	0.000276
2.27	0.000333
2.3	0.000303
2.33	0.0003
2.36	0.000279
2.39	0.000312
2.42	0.000267
2.45	0.000294
2.48	0.000309
2.51	0.000279
2.54	0.000261
2.57	0.000294
2.6	0.000312
2.63	0.00033
2.66	0.000246
2.69	0.000309
2.72	0.000315
2.75	0.000273
2.78	0.000276
2.81	0.000312
2.84	0.000291
2.87	0.000297
2.9	0.000285
2.93	0.000309
2.96	0.000255
2.99	0.000297
3.02	0.000279
3.05	0.000318
3.08	0.000312
3.11	0.0003
3.14	0.000246
3.17	0.000333
3.2	0.0003
3.23	0.000309
3.26	0.000336
3.29	0.000285
3.32	0.000309
3.35	0.000333
3.38	0.00027
3.41	0.000285
3.44	0.00027
3.47	0.000303
3.5	0.000336
3.53	0.000336
3.56	0.000333
3.59	0.000303
3.62	0.000354
3.65	0.000348
3.68	0.000312
3.71	0.00033
3.74	0.000255
3.77	0.000291
3.8	0.000291
3.83	0.000288
3.86	0.000312
3.89	0.000312
3.92	0.000288
3.95	0.000279
3.98	0.000285
4.01	0.000258
4.04	0.000291
4.07	0.000291
4.1	0.000291
4.13	0.000273
4.16	0.000363
4.19	0.000288
4.22	0.000351
4.25	0.000282
4.28	0.000303
4.31	0.000249
4.34	0.000291
4.37	0.000258
4.4	0.000255
4.43	0.000327
4.46	0.000297
4.49	0.000303
4.52	0.000312
4.55	0.000306
4.58	0.000309
4.61	0.000237
4.64	0.000321
4.67	0.000321
4.7	0.000351
4.73	0.000261
4.76	0.000315
4.79	0.000342
4.82	0.000321
4.85	0.000315
4.88	0.000291
4.91	0.000315
4.94	0.000315
4.97	0.000291
